Image: ezgif-frame-001.jpg; 1 [          0         353         115         890] 3; 2 [        171         443         516        1065] 3
Image: ezgif-frame-002.jpg; 1 [     1.9033       359.1      118.18      901.18] 3; 2 [     175.66      446.05      523.54      1073.1] 3
Image: ezgif-frame-003.jpg; 1 [     2.6214      361.29      119.29       905.2] 3; 2 [     178.98      449.16      527.63      1077.4] 3
Image: ezgif-frame-004.jpg; 1 [     3.3394      363.49       120.4      909.23] 3; 2 [     189.17      447.44      540.96      1079.5] 3
Image: ezgif-frame-005.jpg; 1 [     4.0575      365.68      121.51      913.25] 3; 2 [      198.3      444.34      552.84      1077.7] 3
Image: ezgif-frame-006.jpg; 1 [     4.7756      367.88      122.62      917.27] 3; 2 [     210.48      451.34      570.36      1089.4] 3
Image: ezgif-frame-007.jpg; 1 [     5.4937      370.07      123.73      921.29] 3; 2 [     224.65      444.91      592.33      1090.8] 3
Image: ezgif-frame-008.jpg; 1 [     19.163      378.49      148.93      935.87] 4; 2 [     234.81      444.54      604.69      1094.3] 3
Image: ezgif-frame-009.jpg; 1 [     20.194      383.26      161.23      943.55] 1; 2 [      259.1      461.58      645.44        1122] 0
Image: ezgif-frame-010.jpg; 1 [     20.907      384.67       173.8      953.43] 4; 2 [     275.15      463.51      675.49      1133.8] 0; 3 [         44         161         295         513] 3
Image: ezgif-frame-011.jpg; 1 [     24.467      391.06      189.82      966.31] 1; 2 [     295.53      474.53       711.7        1154] 0; 3 [     65.953      166.12      322.23      524.27] 3
Image: ezgif-frame-012.jpg; 1 [     41.099      400.88      220.79      986.81] 1; 2 [     312.87      483.16      746.85      1175.4] 0; 3 [     78.874      169.08      337.69      530.77] 3
Image: ezgif-frame-013.jpg; 1 [     59.777      407.49      253.41        1001] 1; 2 [      327.2      496.83      774.28      1198.7] 0; 3 [     120.29      182.68      393.58      557.44] 3
Image: ezgif-frame-014.jpg; 1 [     79.625      418.15      286.87      1017.9] 1; 2 [     333.52      503.91      792.77      1218.6] 0; 3 [     133.14      188.87      417.78      572.58] 3
Image: ezgif-frame-015.jpg; 1 [     93.525      424.82      315.42      1034.3] 1; 2 [      340.9      514.54      809.65      1240.5] 0; 3 [      142.7      198.54      443.76      595.92] 3
Image: ezgif-frame-016.jpg; 1 [     103.13      437.23      341.11      1061.3] 1; 2 [     353.11      534.71      829.92      1271.8] 0; 3 [     163.82      207.74      473.44      606.62] 3
Image: ezgif-frame-017.jpg; 1 [     125.64      447.71      379.91      1081.7] 1; 2 [     365.26       542.6      853.33      1299.8] 0; 3 [     183.49      215.13      498.58      621.06] 3
Image: ezgif-frame-018.jpg; 1 [     139.58      450.65      411.01      1099.2] 1; 2 [     379.65       555.9      868.55      1317.3] 0; 3 [     203.17      222.53      523.71      635.49] 3
Image: ezgif-frame-019.jpg; 1 [     150.35      457.93      433.68      1106.3] 1; 2 [     389.86      555.51      881.74        1326] 3; 3 [     222.84      229.93      548.85      649.93] 3
Image: ezgif-frame-020.jpg; 1 [     164.65      460.43      461.19        1112] 1; 2 [     401.13      564.06      893.95      1340.8] 0; 3 [     242.51      237.32      573.99      664.36] 3
Image: ezgif-frame-021.jpg; 1 [     174.44      464.09      484.45      1122.1] 1; 2 [     411.45       569.4      902.68      1347.5] 0; 3 [     262.18      244.72      599.12       678.8] 3
Image: ezgif-frame-022.jpg; 1 [     172.49      466.13      492.81      1126.5] 1; 2 [     419.19      567.95      906.17      1341.2] 3; 3 [     281.86      252.12      624.26      693.23] 3
